&aorsa2din
    use_new_wdot = .true.
    z2_electron = 1
    nzeta_wdote = 0
    nzeta_wdoti = 0
    xnuome = 0.01
    xnuomi = 0.01
    upshift = 1
    curved_ant = .true.
    yplot = 0.05
    rhomax = 1.0
    rwright = 2.31
    ytop = 1.0
    ybottom = -1.25
    rwleft = 1.0
    nboundary = 1
    scrape = 0.08
    nmin = 1e+17
    delta0 = 1e-05
    xkx_ono = 7.0
    xky_ono = 5.0
    ydisp = 0.05
    xkydisp = 5.0
    xkperp_cutoff = 0.85
    damping = 700.0
    iprofile = 2
    n_prof_flux = 1
    eqdsk = 'g165908.03000_1_0MA_2_0T'
    netcdf_file2 = 'DIII_NB_FW_0th.max.nc'
    nmodesx = 288
    nmodesy = 504
    nprow = 72
    npcol = 72
    nphi_number = 1
    nphi_array = -71, 0, 0, 0, 0, 0, 0, 0, 0, 0, 0, 0, 0, 0, 0, 0, 0, 0,
                 0, 0, 0, 0, 0, 0, 0, 0, 0, 0, 0, 0, 0, 0, 0, 0, 0, 0, 0,
                 0, 0, 0, 0, 0, 0, 0, 0, 0, 0, 0, 0, 0, 0, 0, 0, 0, 0, 0,
                 0, 0, 0, 0, 0, 0, 0, 0, 0, 0, 0, 0, 0, 0, 0, 0, 0, 0, 0,
                 0, 0, 0, 0, 0, 0, 0, 0, 0, 0, 0, 0, 0, 0, 0, 0, 0, 0, 0,
                 0, 0, 0, 0, 0, 0, 0, 0, 0, 0, 0, 0, 0, 0, 0, 0, 0, 0, 0,
                 0, 0, 0, 0, 0, 0, 0, 0, 0, 0, 0, 0, 0, 0, 0, 0, 0, 0, 0,
                 0, 0, 0, 0, 0, 0, 0, 0, 0, 0, 0, 0, 0, 0, 0, 0, 0, 0, 0,
                 0, 0, 0, 0, 0, 0, 0, 0, 0, 0, 0, 0, 0, 0, 0, 0, 0, 0, 0,
                 0, 0, 0, 0, 0, 0, 0, 0, 0, 0, 0, 0, 0, 0, 0, 0, 0, 0, 0,
                 0, 0, 0, 0, 0, 0, 0, 0, 0, 0, 0
    prfin = 35601000.0
    freqcy = 476000000.0
    antlen = 0.195
    dpsiant0 = 0.03
    antlc = 4.4366
    rant = 2.198
    i_antenna = 0
    yant = 0.303
    lmax = 47
    zeffcd = 1.852
    xn0 = 2.6e+19
    xnlim = 1e+18
    alphan = 0.15
    betan = 2.0
    te0 = 6550.0
    telim = 100.0
    alphate = 2.0
    betate = 2.0
    ndisti1 = 0
    amu1 = 2.0
    z1 = 1.0
    ti0 = 4900.0
    tilim = 200.0
    alphati = 2.0
    betati = 2.0
    ndisti2 = 0
    amu2 = 1.0
    z2 = 1.0
    xn2 = 0.0
    xn2lim = 0.0
    alphan2 = 0.15
    betan2 = 2.0
    ti02 = 4900.0
    ti2lim = 200.0
    alphati2 = 2.0
    betati2 = 2.0
    ndisti3 = 0
    amu3 = 2.0
    z3 = 1.0
    xn3 = 0.0
    xn3lim = 0.0
    alphan3 = 0.15
    betan3 = 2.0
    ti03 = 33000.0
    ti3lim = 33000.0
    alphati3 = 2.0
    betati3 = 2.0
    ndisti4 = 0
    amu4 = 12.0
    z4 = 6.0
    xn4 = 0.0
    xn4lim = 0.0
    alphan4 = 0.15
    betan4 = 2.0
    ti04 = 33000.0
    ti4lim = 33000.0
    alphati4 = 2.0
    betati4 = 2.0
/

&state
    s_t0 = 0.0
    s_t1 = 0.0
    s_r_axis = 0.0
    s_z_axis = 0.0
    s_r0_mach = 0.0
    s_z0_mach = 0.0
    s_r_min = 0.88
    s_r_max = 2.475
    s_z_min = -1.3
    s_z_max = 1.3
    s_nspec = 2
    s_nspec_th = 4
    s_s_name = 'electrons', 'deuterium', '', '', '', '', ''
    s_q_s = -1.6e-19, 1.6e-19, 0.0, 0.0, 0.0, 0.0, 0.0
    s_m_s = 9.11e-31, 3.34e-27, 0.0, 0.0, 0.0, 0.0, 0.0
    s_nrho_n = 101
    s_rho_n_grid = 0.0, 0.01, 0.02, 0.03, 0.04, 0.05, 0.06, 0.07, 0.08,
                   0.09, 0.1, 0.11, 0.12, 0.13, 0.14, 0.15, 0.16, 0.17,
                   0.18, 0.19, 0.2, 0.21, 0.22, 0.23, 0.24, 0.25, 0.26,
                   0.27, 0.28, 0.29, 0.3, 0.31, 0.32, 0.33, 0.34, 0.35,
                   0.36, 0.37, 0.38, 0.39, 0.4, 0.41, 0.42, 0.43, 0.44,
                   0.45, 0.46, 0.47, 0.48, 0.49, 0.5, 0.51, 0.52, 0.53,
                   0.54, 0.55, 0.56, 0.57, 0.58, 0.59, 0.6, 0.61, 0.62,
                   0.63, 0.64, 0.65, 0.66, 0.67, 0.68, 0.69, 0.7, 0.71,
                   0.72, 0.73, 0.74, 0.75, 0.76, 0.77, 0.78, 0.79, 0.8,
                   0.81, 0.82, 0.83, 0.84, 0.85, 0.86, 0.87, 0.88, 0.89,
                   0.9, 0.91, 0.92, 0.93, 0.94, 0.95, 0.96, 0.97, 0.98,
                   0.99, 1.0, 0.0, 0.0, 0.0, 0.0, 0.0, 0.0, 0.0, 0.0, 0.0,
                   0.0, 0.0, 0.0, 0.0, 0.0, 0.0, 0.0, 0.0, 0.0, 0.0, 0.0,
                   0.0, 0.0, 0.0, 0.0, 0.0, 0.0, 0.0, 0.0, 0.0, 0.0, 0.0,
                   0.0, 0.0, 0.0, 0.0, 0.0, 0.0, 0.0, 0.0, 0.0, 0.0, 0.0,
                   0.0, 0.0, 0.0, 0.0, 0.0, 0.0, 0.0, 0.0, 0.0, 0.0, 0.0,
                   0.0, 0.0, 0.0, 0.0, 0.0, 0.0, 0.0, 0.0, 0.0, 0.0, 0.0,
                   0.0, 0.0, 0.0, 0.0, 0.0, 0.0, 0.0, 0.0, 0.0, 0.0, 0.0,
                   0.0, 0.0, 0.0, 0.0, 0.0
    s_n_s = 7.544876957293443e+19, 7.587327642460309e+19, 7.619931478134006e+19,
            7.643368042393009e+19, 7.65826947412692e+19, 7.665242739411257e+19,
            7.664894056841611e+19, 7.657845002270643e+19, 7.644727106509935e+19,
            7.626161063611292e+19, 7.602719840097735e+19, 7.574870450554382e+19,
            7.543006769814007e+19, 7.507462978313223e+19, 7.468496918028524e+19,
            7.426353732503182e+19, 7.381334258184013e+19, 7.333760459737952e+19,
            7.283943070949883e+19, 7.232208071583671e+19, 7.1789066111953674e+19,
            7.1244218604744565e+19, 7.069158771292317e+19, 7.013450143803378e+19,
            6.957557832352945e+19, 6.90157848288061e+19, 6.8453525923483165e+19,
            6.78870076491217e+19, 6.7315821082348495e+19, 6.674002372180443e+19,
            6.616062521576449e+19, 6.55795720439562e+19, 6.499752505769344e+19,
            6.441305676660934e+19, 6.3823694561600496e+19, 6.322794725019471e+19,
            6.2625871434951705e+19, 6.201864321945047e+19, 6.140794459621301e+19,
            6.079533157845547e+19, 6.0181845796782146e+19, 5.956799990043965e+19,
            5.89551140862426e+19, 5.834639924366084e+19, 5.77450062225445e+19,
            5.715089851186049e+19, 5.656318414798921e+19, 5.5980094279287595e+19,
            5.539846054046626e+19, 5.4817621071933645e+19, 5.424038499902548e+19,
            5.367104793372133e+19, 5.311451080297446e+19, 5.2574508069774524e+19,
            5.205228521266614e+19, 5.1546635034448536e+19, 5.1056055812456505e+19,
            5.058065613318515e+19, 5.012101113580125e+19, 4.967765840529942e+19,
            4.925169211538974e+19, 4.884452236856601e+19, 4.845731073479093e+19,
            4.8089990283318624e+19, 4.774240881297867e+19, 4.741466856348535e+19,
            4.7106753847411655e+19, 4.6818033602856215e+19, 4.6547216054934225e+19,
            4.629270329947133e+19, 4.6051970818541896e+19, 4.582245155481722e+19,
            4.560237491265409e+19, 4.5389792874323034e+19, 4.518207094403153e+19,
            4.49768294467354e+19, 4.477151892191237e+19, 4.456351804461181e+19,
            4.435056004578709e+19, 4.413131566087419e+19, 4.39050766554972e+19,
            4.367173624496776e+19, 4.343069235277081e+19, 4.317996638627384e+19,
            4.2916592961032176e+19, 4.263686367610096e+19, 4.2334572198071575e+19,
            4.199961107658726e+19, 4.161704280703728e+19, 4.116518860743196e+19,
            4.062140207347421e+19, 3.9952997182304125e+19, 3.911200873125722e+19,
            3.804970534839845e+19, 3.672564394851786e+19, 3.510559043008273e+19,
            3.3160675687457477e+19, 3.0898673046308053e+19, 2.837913005510962e+19,
            2.572334170193765e+19, 2.310626267555656e+19, 0.0, 0.0, 0.0,
            0.0, 0.0, 0.0, 0.0, 0.0, 0.0, 0.0, 0.0, 0.0, 0.0, 0.0, 0.0,
            0.0, 0.0, 0.0, 0.0, 0.0, 0.0, 0.0, 0.0, 0.0, 0.0, 0.0, 0.0,
            0.0, 0.0, 0.0, 0.0, 0.0, 0.0, 0.0, 0.0, 0.0, 0.0, 0.0, 0.0,
            0.0, 0.0, 0.0, 0.0, 0.0, 0.0, 0.0, 0.0, 0.0, 0.0, 0.0, 0.0,
            0.0, 0.0, 0.0, 0.0, 0.0, 0.0, 0.0, 0.0, 0.0, 0.0, 0.0, 0.0,
            0.0, 0.0, 0.0, 0.0, 0.0, 0.0, 0.0, 0.0, 0.0, 0.0, 0.0, 0.0,
            0.0, 0.0, 0.0, 0.0, 0.0, 7.544876957293443e+19, 7.587327642460309e+19,
            7.619931478134006e+19, 7.643368042393009e+19, 7.65826947412692e+19,
            7.665242739411257e+19, 7.664894056841611e+19, 7.657845002270643e+19,
            7.644727106509935e+19, 7.626161063611292e+19, 7.602719840097735e+19,
            7.574870450554382e+19, 7.543006769814007e+19, 7.507462978313223e+19,
            7.468496918028524e+19, 7.426353732503182e+19, 7.381334258184013e+19,
            7.333760459737952e+19, 7.283943070949883e+19, 7.232208071583671e+19,
            7.1789066111953674e+19, 7.1244218604744565e+19, 7.069158771292317e+19,
            7.013450143803378e+19, 6.957557832352945e+19, 6.90157848288061e+19,
            6.8453525923483165e+19, 6.78870076491217e+19, 6.7315821082348495e+19,
            6.674002372180443e+19, 6.616062521576449e+19, 6.55795720439562e+19,
            6.499752505769344e+19, 6.441305676660934e+19, 6.3823694561600496e+19,
            6.322794725019471e+19, 6.2625871434951705e+19, 6.201864321945047e+19,
            6.140794459621301e+19, 6.079533157845547e+19, 6.0181845796782146e+19,
            5.956799990043965e+19, 5.89551140862426e+19, 5.834639924366084e+19,
            5.77450062225445e+19, 5.715089851186049e+19, 5.656318414798921e+19,
            5.5980094279287595e+19, 5.539846054046626e+19, 5.4817621071933645e+19,
            5.424038499902548e+19, 5.367104793372133e+19, 5.311451080297446e+19,
            5.2574508069774524e+19, 5.205228521266614e+19, 5.1546635034448536e+19,
            5.1056055812456505e+19, 5.058065613318515e+19, 5.012101113580125e+19,
            4.967765840529942e+19, 4.925169211538974e+19, 4.884452236856601e+19,
            4.845731073479093e+19, 4.8089990283318624e+19, 4.774240881297867e+19,
            4.741466856348535e+19, 4.7106753847411655e+19, 4.6818033602856215e+19,
            4.6547216054934225e+19, 4.629270329947133e+19, 4.6051970818541896e+19,
            4.582245155481722e+19, 4.560237491265409e+19, 4.5389792874323034e+19,
            4.518207094403153e+19, 4.49768294467354e+19, 4.477151892191237e+19,
            4.456351804461181e+19, 4.435056004578709e+19, 4.413131566087419e+19,
            4.39050766554972e+19, 4.367173624496776e+19, 4.343069235277081e+19,
            4.317996638627384e+19, 4.2916592961032176e+19, 4.263686367610096e+19,
            4.2334572198071575e+19, 4.199961107658726e+19, 4.161704280703728e+19,
            4.116518860743196e+19, 4.062140207347421e+19, 3.9952997182304125e+19,
            3.911200873125722e+19, 3.804970534839845e+19, 3.672564394851786e+19,
            3.510559043008273e+19, 3.3160675687457477e+19, 3.0898673046308053e+19,
            2.837913005510962e+19, 2.572334170193765e+19, 2.310626267555656e+19,
            0.0, 0.0, 0.0, 0.0, 0.0, 0.0, 0.0, 0.0, 0.0, 0.0, 0.0, 0.0,
            0.0, 0.0, 0.0, 0.0, 0.0, 0.0, 0.0, 0.0, 0.0, 0.0, 0.0, 0.0,
            0.0, 0.0, 0.0, 0.0, 0.0, 0.0, 0.0, 0.0, 0.0, 0.0, 0.0, 0.0,
            0.0, 0.0, 0.0, 0.0, 0.0, 0.0, 0.0, 0.0, 0.0, 0.0, 0.0, 0.0,
            0.0, 0.0, 0.0, 0.0, 0.0, 0.0, 0.0, 0.0, 0.0, 0.0, 0.0, 0.0,
            0.0, 0.0, 0.0, 0.0, 0.0, 0.0, 0.0, 0.0, 0.0, 0.0, 0.0, 0.0,
            0.0, 0.0, 0.0, 0.0, 0.0, 0.0, 0.0, 0.0, 0.0, 0.0, 0.0, 0.0,
            0.0, 0.0, 0.0, 0.0, 0.0, 0.0, 0.0, 0.0, 0.0, 0.0, 0.0, 0.0,
            0.0, 0.0, 0.0, 0.0, 0.0, 0.0, 0.0, 0.0, 0.0, 0.0, 0.0, 0.0,
            0.0, 0.0, 0.0, 0.0, 0.0, 0.0, 0.0, 0.0, 0.0, 0.0, 0.0, 0.0,
            0.0, 0.0, 0.0, 0.0, 0.0, 0.0, 0.0, 0.0, 0.0, 0.0, 0.0, 0.0,
            0.0, 0.0, 0.0, 0.0, 0.0, 0.0, 0.0, 0.0, 0.0, 0.0, 0.0, 0.0,
            0.0, 0.0, 0.0, 0.0, 0.0, 0.0, 0.0, 0.0, 0.0, 0.0, 0.0, 0.0,
            0.0, 0.0, 0.0, 0.0, 0.0, 0.0, 0.0, 0.0, 0.0, 0.0, 0.0, 0.0,
            0.0, 0.0, 0.0, 0.0, 0.0, 0.0, 0.0, 0.0, 0.0, 0.0, 0.0, 0.0,
            0.0, 0.0, 0.0, 0.0, 0.0, 0.0, 0.0, 0.0, 0.0, 0.0, 0.0, 0.0,
            0.0, 0.0, 0.0, 0.0, 0.0, 0.0, 0.0, 0.0, 0.0, 0.0, 0.0, 0.0,
            0.0, 0.0, 0.0, 0.0, 0.0, 0.0, 0.0, 0.0, 0.0, 0.0, 0.0, 0.0,
            0.0, 0.0, 0.0, 0.0, 0.0, 0.0, 0.0, 0.0, 0.0, 0.0, 0.0, 0.0,
            0.0, 0.0, 0.0, 0.0, 0.0, 0.0, 0.0, 0.0, 0.0, 0.0, 0.0, 0.0,
            0.0, 0.0, 0.0, 0.0, 0.0, 0.0, 0.0, 0.0, 0.0, 0.0, 0.0, 0.0,
            0.0, 0.0, 0.0, 0.0, 0.0, 0.0, 0.0, 0.0, 0.0, 0.0, 0.0, 0.0,
            0.0, 0.0, 0.0, 0.0, 0.0, 0.0, 0.0, 0.0, 0.0, 0.0, 0.0, 0.0,
            0.0, 0.0, 0.0, 0.0, 0.0, 0.0, 0.0, 0.0, 0.0, 0.0, 0.0, 0.0,
            0.0, 0.0, 0.0, 0.0, 0.0, 0.0, 0.0, 0.0, 0.0, 0.0, 0.0, 0.0,
            0.0, 0.0, 0.0, 0.0, 0.0, 0.0, 0.0, 0.0, 0.0, 0.0, 0.0, 0.0,
            0.0, 0.0, 0.0, 0.0, 0.0, 0.0, 0.0, 0.0, 0.0, 0.0, 0.0, 0.0,
            0.0, 0.0, 0.0, 0.0, 0.0, 0.0, 0.0, 0.0, 0.0, 0.0, 0.0, 0.0,
            0.0, 0.0, 0.0, 0.0, 0.0, 0.0, 0.0, 0.0, 0.0, 0.0, 0.0, 0.0,
            0.0, 0.0, 0.0, 0.0, 0.0, 0.0, 0.0, 0.0, 0.0, 0.0, 0.0, 0.0,
            0.0, 0.0, 0.0, 0.0, 0.0, 0.0, 0.0, 0.0, 0.0, 0.0, 0.0, 0.0,
            0.0, 0.0, 0.0, 0.0, 0.0, 0.0, 0.0, 0.0, 0.0, 0.0, 0.0, 0.0,
            0.0, 0.0, 0.0, 0.0, 0.0, 0.0, 0.0, 0.0, 0.0, 0.0, 0.0, 0.0,
            0.0, 0.0, 0.0, 0.0, 0.0, 0.0, 0.0, 0.0, 0.0, 0.0, 0.0, 0.0,
            0.0, 0.0, 0.0, 0.0, 0.0, 0.0, 0.0, 0.0, 0.0, 0.0, 0.0, 0.0,
            0.0, 0.0, 0.0, 0.0, 0.0, 0.0, 0.0, 0.0, 0.0, 0.0, 0.0, 0.0,
            0.0, 0.0, 0.0, 0.0, 0.0, 0.0, 0.0, 0.0, 0.0, 0.0, 0.0, 0.0,
            0.0, 0.0, 0.0, 0.0, 0.0, 0.0, 0.0, 0.0, 0.0, 0.0, 0.0, 0.0,
            0.0, 0.0, 0.0, 0.0, 0.0, 0.0, 0.0, 0.0, 0.0, 0.0, 0.0, 0.0,
            0.0, 0.0, 0.0, 0.0, 0.0, 0.0, 0.0, 0.0, 0.0, 0.0, 0.0, 0.0,
            0.0, 0.0, 0.0, 0.0, 0.0, 0.0, 0.0, 0.0, 0.0, 0.0, 0.0, 0.0,
            0.0, 0.0, 0.0, 0.0, 0.0, 0.0, 0.0, 0.0, 0.0, 0.0, 0.0, 0.0,
            0.0, 0.0, 0.0, 0.0, 0.0, 0.0, 0.0, 0.0, 0.0, 0.0, 0.0, 0.0,
            0.0, 0.0, 0.0, 0.0, 0.0, 0.0, 0.0, 0.0, 0.0, 0.0, 0.0, 0.0,
            0.0, 0.0, 0.0, 0.0, 0.0, 0.0, 0.0, 0.0, 0.0, 0.0, 0.0, 0.0,
            0.0, 0.0, 0.0, 0.0, 0.0, 0.0, 0.0, 0.0, 0.0, 0.0, 0.0, 0.0,
            0.0, 0.0, 0.0, 0.0, 0.0, 0.0, 0.0, 0.0, 0.0, 0.0, 0.0, 0.0,
            0.0, 0.0, 0.0, 0.0, 0.0, 0.0, 0.0, 0.0, 0.0, 0.0, 0.0, 0.0,
            0.0, 0.0, 0.0, 0.0, 0.0, 0.0, 0.0, 0.0, 0.0, 0.0, 0.0, 0.0,
            0.0, 0.0, 0.0, 0.0, 0.0, 0.0, 0.0, 0.0, 0.0, 0.0, 0.0, 0.0,
            0.0, 0.0, 0.0, 0.0, 0.0, 0.0, 0.0, 0.0, 0.0, 0.0, 0.0, 0.0,
            0.0, 0.0, 0.0, 0.0, 0.0, 0.0, 0.0, 0.0, 0.0, 0.0, 0.0, 0.0,
            0.0, 0.0, 0.0, 0.0, 0.0, 0.0, 0.0, 0.0, 0.0, 0.0, 0.0, 0.0,
            0.0, 0.0, 0.0, 0.0, 0.0, 0.0, 0.0, 0.0, 0.0, 0.0, 0.0, 0.0,
            0.0, 0.0, 0.0, 0.0, 0.0, 0.0, 0.0, 0.0, 0.0, 0.0, 0.0, 0.0,
            0.0, 0.0, 0.0, 0.0, 0.0, 0.0, 0.0, 0.0, 0.0, 0.0, 0.0, 0.0,
            0.0, 0.0, 0.0, 0.0, 0.0, 0.0, 0.0, 0.0, 0.0, 0.0, 0.0, 0.0,
            0.0, 0.0, 0.0, 0.0, 0.0, 0.0, 0.0, 0.0, 0.0, 0.0, 0.0, 0.0,
            0.0, 0.0, 0.0, 0.0, 0.0, 0.0, 0.0, 0.0, 0.0, 0.0, 0.0, 0.0,
            0.0, 0.0, 0.0, 0.0, 0.0, 0.0, 0.0, 0.0, 0.0, 0.0, 0.0, 0.0,
            0.0, 0.0, 0.0, 0.0, 0.0, 0.0, 0.0, 0.0, 0.0, 0.0, 0.0, 0.0,
            0.0, 0.0, 0.0, 0.0, 0.0, 0.0, 0.0, 0.0, 0.0, 0.0, 0.0, 0.0,
            0.0, 0.0, 0.0, 0.0, 0.0, 0.0, 0.0, 0.0, 0.0, 0.0, 0.0, 0.0,
            0.0, 0.0, 0.0, 0.0, 0.0, 0.0, 0.0, 0.0, 0.0, 0.0, 0.0, 0.0,
            0.0, 0.0, 0.0, 0.0, 0.0, 0.0, 0.0, 0.0, 0.0, 0.0, 0.0, 0.0,
            0.0, 0.0, 0.0, 0.0, 0.0, 0.0, 0.0, 0.0, 0.0, 0.0, 0.0, 0.0,
            0.0, 0.0, 0.0, 0.0, 0.0, 0.0, 0.0, 0.0, 0.0, 0.0, 0.0, 0.0
    s_zeff = 2.0257820461965546, 1.9987780028985214, 1.9725786699819778,
             1.9471840474469218, 1.9225941352933544, 1.8988089335212766,
             1.875828442130688, 1.8536526611215853, 1.8322815904939755,
             1.8117152302478505, 1.7919535803832154, 1.7729966409000688,
             1.7548444117984112, 1.7374968930782408, 1.7209540847395592,
             1.7052159867823682, 1.6902825992066637, 1.6761539220124493,
             1.6628299551997228, 1.6503106987684844, 1.638596152718735,
             1.627686317050475, 1.6175811917637009, 1.6082807768584182,
             1.5997850723346225, 1.5920940781923163, 1.5852077944314988,
             1.57912622105217, 1.5738493580543278, 1.5693772054379758, 1.5657097632031136,
             1.5628470313497376, 1.5607890098778514, 1.5595356987874531,
             1.5590870980785434, 1.5594432077511238, 1.5606040278051916,
             1.5625695582407484, 1.5653397990577924, 1.5689147502563263,
             1.5732944118363479, 1.578478783797859, 1.5844678661408595,
             1.591261658865347, 1.5988601619713234, 1.607263375458789, 1.6164712993277415,
             1.626483933578184, 1.6373012782101164, 1.6489233332235356,
             1.6613500986184433, 1.6745815743948396, 1.688617760552725,
             1.7034586570920989, 1.7191042640129612, 1.7355545813153122,
             1.7528096089991516, 1.7708693470644805, 1.7897337955112969,
             1.8094029543396026, 1.8298768235493958, 1.8511554031406783,
             1.87323869311345, 1.8961266934677095, 1.9198194042034573, 1.9443168253206942,
             1.9696189568194193, 1.9957257986996328, 2.022637350961336,
             2.0503536136045275, 2.078874586629206, 2.1082002700353755,
             2.138330663823032, 2.1692657679921776, 2.201005582542812, 2.233550107474934,
             2.266899342788545, 2.3010532884836445, 2.336011944560233, 2.3717753110183097,
             2.4083433878578755, 2.445716175078932, 2.4838936726814733,
             2.522875880665504, 2.562662799031025, 2.6032544277780327, 2.6446507669065302,
             2.6868518164165147, 2.7298575763079893, 2.773668046580952,
             2.818283227235405, 2.8637031182713435, 2.909927719688774, 2.9569570314876894,
             3.0047910536680966, 3.05342978622999, 3.1028732291733725, 3.153121382498245,
             3.2041742462046043, 3.256031820292453, 3.3086941047617904,
             0.0, 0.0, 0.0, 0.0, 0.0, 0.0, 0.0, 0.0, 0.0, 0.0, 0.0, 0.0,
             0.0, 0.0, 0.0, 0.0, 0.0, 0.0, 0.0, 0.0, 0.0, 0.0, 0.0, 0.0,
             0.0, 0.0, 0.0, 0.0, 0.0, 0.0, 0.0, 0.0, 0.0, 0.0, 0.0, 0.0,
             0.0, 0.0, 0.0, 0.0, 0.0, 0.0, 0.0, 0.0, 0.0, 0.0, 0.0, 0.0,
             0.0, 0.0, 0.0, 0.0, 0.0, 0.0, 0.0, 0.0, 0.0, 0.0, 0.0, 0.0,
             0.0, 0.0, 0.0, 0.0, 0.0, 0.0, 0.0, 0.0, 0.0, 0.0, 0.0, 0.0,
             0.0, 0.0, 0.0, 0.0, 0.0, 0.0, 0.0, 0.0
    s_m_impurity = 0.0, 0.0, 0.0, 0.0, 0.0, 0.0, 0.0, 0.0, 0.0, 0.0, 0.0,
                   0.0, 0.0, 0.0, 0.0, 0.0, 0.0, 0.0, 0.0, 0.0, 0.0, 0.0,
                   0.0, 0.0, 0.0, 0.0, 0.0, 0.0, 0.0, 0.0, 0.0, 0.0, 0.0,
                   0.0, 0.0, 0.0, 0.0, 0.0, 0.0, 0.0, 0.0, 0.0, 0.0, 0.0,
                   0.0, 0.0, 0.0, 0.0, 0.0, 0.0, 0.0, 0.0, 0.0, 0.0, 0.0,
                   0.0, 0.0, 0.0, 0.0, 0.0, 0.0, 0.0, 0.0, 0.0, 0.0, 0.0,
                   0.0, 0.0, 0.0, 0.0, 0.0, 0.0, 0.0, 0.0, 0.0, 0.0, 0.0,
                   0.0, 0.0, 0.0, 0.0, 0.0, 0.0, 0.0, 0.0, 0.0, 0.0, 0.0,
                   0.0, 0.0, 0.0, 0.0, 0.0, 0.0, 0.0, 0.0, 0.0, 0.0, 0.0,
                   0.0, 0.0, 0.0, 0.0, 0.0, 0.0, 0.0, 0.0, 0.0, 0.0, 0.0,
                   0.0, 0.0, 0.0, 0.0, 0.0, 0.0, 0.0, 0.0, 0.0, 0.0, 0.0,
                   0.0, 0.0, 0.0, 0.0, 0.0, 0.0, 0.0, 0.0, 0.0, 0.0, 0.0,
                   0.0, 0.0, 0.0, 0.0, 0.0, 0.0, 0.0, 0.0, 0.0, 0.0, 0.0,
                   0.0, 0.0, 0.0, 0.0, 0.0, 0.0, 0.0, 0.0, 0.0, 0.0, 0.0,
                   0.0, 0.0, 0.0, 0.0, 0.0, 0.0, 0.0, 0.0, 0.0, 0.0, 0.0,
                   0.0, 0.0, 0.0, 0.0, 0.0, 0.0, 0.0, 0.0, 0.0, 0.0, 0.0,
                   0.0, 0.0, 0.0, 0.0, 0.0
    s_nrho_t = 101
    s_rho_t_grid = 0.0, 0.01, 0.02, 0.03, 0.04, 0.05, 0.06, 0.07, 0.08,
                   0.09, 0.1, 0.11, 0.12, 0.13, 0.14, 0.15, 0.16, 0.17,
                   0.18, 0.19, 0.2, 0.21, 0.22, 0.23, 0.24, 0.25, 0.26,
                   0.27, 0.28, 0.29, 0.3, 0.31, 0.32, 0.33, 0.34, 0.35,
                   0.36, 0.37, 0.38, 0.39, 0.4, 0.41, 0.42, 0.43, 0.44,
                   0.45, 0.46, 0.47, 0.48, 0.49, 0.5, 0.51, 0.52, 0.53,
                   0.54, 0.55, 0.56, 0.57, 0.58, 0.59, 0.6, 0.61, 0.62,
                   0.63, 0.64, 0.65, 0.66, 0.67, 0.68, 0.69, 0.7, 0.71,
                   0.72, 0.73, 0.74, 0.75, 0.76, 0.77, 0.78, 0.79, 0.8,
                   0.81, 0.82, 0.83, 0.84, 0.85, 0.86, 0.87, 0.88, 0.89,
                   0.9, 0.91, 0.92, 0.93, 0.94, 0.95, 0.96, 0.97, 0.98,
                   0.99, 1.0, 0.0, 0.0, 0.0, 0.0, 0.0, 0.0, 0.0, 0.0, 0.0,
                   0.0, 0.0, 0.0, 0.0, 0.0, 0.0, 0.0, 0.0, 0.0, 0.0, 0.0,
                   0.0, 0.0, 0.0, 0.0, 0.0, 0.0, 0.0, 0.0, 0.0, 0.0, 0.0,
                   0.0, 0.0, 0.0, 0.0, 0.0, 0.0, 0.0, 0.0, 0.0, 0.0, 0.0,
                   0.0, 0.0, 0.0, 0.0, 0.0, 0.0, 0.0, 0.0, 0.0, 0.0, 0.0,
                   0.0, 0.0, 0.0, 0.0, 0.0, 0.0, 0.0, 0.0, 0.0, 0.0, 0.0,
                   0.0, 0.0, 0.0, 0.0, 0.0, 0.0, 0.0, 0.0, 0.0, 0.0, 0.0,
                   0.0, 0.0, 0.0, 0.0, 0.0
    s_t_s = 4369.998597210225, 4379.293566676277, 4389.912257546453, 4401.740636804557,
            4414.649642960681, 4428.48902699027, 4443.085154530873, 4458.241300105511,
            4473.756710175516, 4489.429445877933, 4505.067206482507, 4520.499565050977,
            4535.550470363238, 4550.024444540529, 4563.710613183526, 4576.369668312179,
            4587.730188699191, 4597.50523803659, 4605.400895620071, 4611.124756109951,
            4614.4003246058755, 4614.977889376917, 4612.646539356282, 4607.23522462151,
            4598.607535298083, 4586.655390772609, 4571.282166863399, 4552.404742395025,
            4529.996451724186, 4504.087550954091, 4474.743854493398, 4442.0593402616105,
            4406.065467604523, 4366.616911255249, 4323.475464620218, 4276.417358983317,
            4225.275129514888, 4169.971538513131, 4110.695109990359, 4047.625734333286,
            3980.9230611915764, 3910.896845550274, 3838.0120450553577, 3762.809941195849,
            3685.921831859794, 3607.949014875513, 3529.3855841132786, 3450.434116693189,
            3370.86568922402, 3290.540704124472, 3209.6890381956578, 3128.689320467909,
            3048.011405354018, 2968.0713032557783, 2888.8035061853993, 2809.5954788981207,
            2730.137893180385, 2650.7384646222627, 2571.9188401100937, 2494.314687906642,
            2418.7837196121536, 2345.992388560409, 2276.3803174182294, 2210.1045218683917,
            2147.1823800271422, 2087.7856799846845, 2032.0489246599209,
            1979.6870884985788, 1930.0744086128661, 1882.5800097188962,
            1836.5144288545239, 1791.4988342694019, 1747.6155901426966,
            1705.017674055983, 1663.7944578499103, 1623.889043666214, 1585.0955972509041,
            1547.0866041822505, 1509.5011202496316, 1472.1411490061653,
            1434.9545976758225, 1397.8999087600246, 1360.8905454043654,
            1323.731629513761, 1286.1697542211516, 1247.9342146328604, 1208.7603362652233,
            1168.0806885051793, 1124.9684527949628, 1077.8167439464098,
            1025.235649950574, 965.5223532792825, 895.7889795183614, 812.8009499302501,
            714.8005065132435, 601.7085020416074, 476.4460259853237, 349.96736861971544,
            236.72862191880398, 148.97651243236794, 90.64490679615604, 0.0,
            0.0, 0.0, 0.0, 0.0, 0.0, 0.0, 0.0, 0.0, 0.0, 0.0, 0.0, 0.0,
            0.0, 0.0, 0.0, 0.0, 0.0, 0.0, 0.0, 0.0, 0.0, 0.0, 0.0, 0.0,
            0.0, 0.0, 0.0, 0.0, 0.0, 0.0, 0.0, 0.0, 0.0, 0.0, 0.0, 0.0,
            0.0, 0.0, 0.0, 0.0, 0.0, 0.0, 0.0, 0.0, 0.0, 0.0, 0.0, 0.0,
            0.0, 0.0, 0.0, 0.0, 0.0, 0.0, 0.0, 0.0, 0.0, 0.0, 0.0, 0.0,
            0.0, 0.0, 0.0, 0.0, 0.0, 0.0, 0.0, 0.0, 0.0, 0.0, 0.0, 0.0,
            0.0, 0.0, 0.0, 0.0, 0.0, 0.0, 0.0, 6238.2602945739245, 6270.174768698245,
            6299.978617178115, 6327.716062764561, 6353.337703065911, 6376.710114695359,
            6397.649773625103, 6415.951466538067, 6431.4125218666595, 6443.843713990727,
            6453.062055339632, 6458.886049351429, 6461.133151238305, 6459.6101742749215,
            6454.115673047017, 6444.439848738731, 6430.366681805439, 6411.6755972260935,
            6388.139968803077, 6359.555050642986, 6325.757967286296, 6286.659925555838,
            6242.281128366019, 6192.701007336523, 6137.98594998194, 6078.101550294619,
            6012.862649517755, 5941.947102357908, 5864.997524239459, 5781.594410833224,
            5691.546460959474, 5594.92752471196, 5492.06192995329, 5383.609931604443,
            5270.730623643439, 5154.800613450234, 5037.407522695095, 4920.299805560285,
            4804.506509294356, 4690.76784557605, 4579.466760916119, 4470.483714193268,
            4363.297073922863, 4257.132459407857, 4151.153209833024, 4044.7356694989076,
            3937.5830206983796, 3829.7511695652997, 3721.475778281729, 3613.729933262477,
            3507.4605084297527, 3403.6019586958246, 3303.030851611883, 3206.3684482982135,
            3113.9795731977692, 3026.0925523538, 2942.4282230573476, 2862.379253396939,
            2785.3560206941934, 2710.982130437125, 2639.483545392147, 2571.081944907524,
            2505.900062139713, 2444.0139815142024, 2385.3504512056693, 2329.76865172458,
            2277.045277514757, 2226.7758366819753, 2178.403396895955, 2131.302366156103,
            2084.702926818881, 2038.1190997131216, 1991.2161608945378, 1943.814348306504,
            1895.9589069392816, 1848.1396851699621, 1800.639370377674, 1753.6443276186171,
            1707.2744923862824, 1661.6048865235448, 1616.5888939582712,
            1572.1015542510656, 1527.7538757533227, 1482.9400857435737,
            1436.9506932429972, 1388.925302798757, 1338.2973812711652, 1284.4283198790301,
            1226.7650540447187, 1165.0550928759722, 1099.5545250080777,
            1030.6940636569993, 959.0520627039045, 885.2168130978938, 809.8275275362662,
            733.8123516109331, 658.4016273786191, 585.0520840084372, 515.2385110611978,
            450.3981398560918, 391.92784038654287, 0.0, 0.0, 0.0, 0.0, 0.0,
            0.0, 0.0, 0.0, 0.0, 0.0, 0.0, 0.0, 0.0, 0.0, 0.0, 0.0, 0.0,
            0.0, 0.0, 0.0, 0.0, 0.0, 0.0, 0.0, 0.0, 0.0, 0.0, 0.0, 0.0,
            0.0, 0.0, 0.0, 0.0, 0.0, 0.0, 0.0, 0.0, 0.0, 0.0, 0.0, 0.0,
            0.0, 0.0, 0.0, 0.0, 0.0, 0.0, 0.0, 0.0, 0.0, 0.0, 0.0, 0.0,
            0.0, 0.0, 0.0, 0.0, 0.0, 0.0, 0.0, 0.0, 0.0, 0.0, 0.0, 0.0,
            0.0, 0.0, 0.0, 0.0, 0.0, 0.0, 0.0, 0.0, 0.0, 0.0, 0.0, 0.0,
            0.0, 0.0, 0.0, 0.0, 0.0, 0.0, 0.0, 0.0, 0.0, 0.0, 0.0, 0.0,
            0.0, 0.0, 0.0, 0.0, 0.0, 0.0, 0.0, 0.0, 0.0, 0.0, 0.0, 0.0,
            0.0, 0.0, 0.0, 0.0, 0.0, 0.0, 0.0, 0.0, 0.0, 0.0, 0.0, 0.0,
            0.0, 0.0, 0.0, 0.0, 0.0, 0.0, 0.0, 0.0, 0.0, 0.0, 0.0, 0.0,
            0.0, 0.0, 0.0, 0.0, 0.0, 0.0, 0.0, 0.0, 0.0, 0.0, 0.0, 0.0,
            0.0, 0.0, 0.0, 0.0, 0.0, 0.0, 0.0, 0.0, 0.0, 0.0, 0.0, 0.0,
            0.0, 0.0, 0.0, 0.0, 0.0, 0.0, 0.0, 0.0, 0.0, 0.0, 0.0, 0.0,
            0.0, 0.0, 0.0, 0.0, 0.0, 0.0, 0.0, 0.0, 0.0, 0.0, 0.0, 0.0,
            0.0, 0.0, 0.0, 0.0, 0.0, 0.0, 0.0, 0.0, 0.0, 0.0, 0.0, 0.0,
            0.0, 0.0, 0.0, 0.0, 0.0, 0.0, 0.0, 0.0, 0.0, 0.0, 0.0, 0.0,
            0.0, 0.0, 0.0, 0.0, 0.0, 0.0, 0.0, 0.0, 0.0, 0.0, 0.0, 0.0,
            0.0, 0.0, 0.0, 0.0, 0.0, 0.0, 0.0, 0.0, 0.0, 0.0, 0.0, 0.0,
            0.0, 0.0, 0.0, 0.0, 0.0, 0.0, 0.0, 0.0, 0.0, 0.0, 0.0, 0.0,
            0.0, 0.0, 0.0, 0.0, 0.0, 0.0, 0.0, 0.0, 0.0, 0.0, 0.0, 0.0,
            0.0, 0.0, 0.0, 0.0, 0.0, 0.0, 0.0, 0.0, 0.0, 0.0, 0.0, 0.0,
            0.0, 0.0, 0.0, 0.0, 0.0, 0.0, 0.0, 0.0, 0.0, 0.0, 0.0, 0.0,
            0.0, 0.0, 0.0, 0.0, 0.0, 0.0, 0.0, 0.0, 0.0, 0.0, 0.0, 0.0,
            0.0, 0.0, 0.0, 0.0, 0.0, 0.0, 0.0, 0.0, 0.0, 0.0, 0.0, 0.0,
            0.0, 0.0, 0.0, 0.0, 0.0, 0.0, 0.0, 0.0, 0.0, 0.0, 0.0, 0.0,
            0.0, 0.0, 0.0, 0.0, 0.0, 0.0, 0.0, 0.0, 0.0, 0.0, 0.0, 0.0,
            0.0, 0.0, 0.0, 0.0, 0.0, 0.0, 0.0, 0.0, 0.0, 0.0, 0.0, 0.0,
            0.0, 0.0, 0.0, 0.0, 0.0, 0.0, 0.0, 0.0, 0.0, 0.0, 0.0, 0.0,
            0.0, 0.0, 0.0, 0.0, 0.0, 0.0, 0.0, 0.0, 0.0, 0.0, 0.0, 0.0,
            0.0, 0.0, 0.0, 0.0, 0.0, 0.0, 0.0, 0.0, 0.0, 0.0, 0.0, 0.0,
            0.0, 0.0, 0.0, 0.0, 0.0, 0.0, 0.0, 0.0, 0.0, 0.0, 0.0, 0.0,
            0.0, 0.0, 0.0, 0.0, 0.0, 0.0, 0.0, 0.0, 0.0, 0.0, 0.0, 0.0,
            0.0, 0.0, 0.0, 0.0, 0.0, 0.0, 0.0, 0.0, 0.0, 0.0, 0.0, 0.0,
            0.0, 0.0, 0.0, 0.0, 0.0, 0.0, 0.0, 0.0, 0.0, 0.0, 0.0, 0.0,
            0.0, 0.0, 0.0, 0.0, 0.0, 0.0, 0.0, 0.0, 0.0, 0.0, 0.0, 0.0,
            0.0, 0.0, 0.0, 0.0, 0.0, 0.0, 0.0, 0.0, 0.0, 0.0, 0.0, 0.0,
            0.0, 0.0, 0.0, 0.0, 0.0, 0.0, 0.0, 0.0, 0.0, 0.0, 0.0, 0.0,
            0.0, 0.0, 0.0, 0.0, 0.0, 0.0, 0.0, 0.0, 0.0, 0.0, 0.0, 0.0,
            0.0, 0.0, 0.0, 0.0, 0.0, 0.0, 0.0, 0.0, 0.0, 0.0, 0.0, 0.0,
            0.0, 0.0, 0.0, 0.0, 0.0, 0.0, 0.0, 0.0, 0.0, 0.0, 0.0, 0.0,
            0.0, 0.0, 0.0, 0.0, 0.0, 0.0, 0.0, 0.0, 0.0, 0.0, 0.0, 0.0,
            0.0, 0.0, 0.0, 0.0, 0.0, 0.0, 0.0, 0.0, 0.0, 0.0, 0.0, 0.0,
            0.0, 0.0, 0.0, 0.0, 0.0, 0.0, 0.0, 0.0, 0.0, 0.0, 0.0, 0.0,
            0.0, 0.0, 0.0, 0.0, 0.0, 0.0, 0.0, 0.0, 0.0, 0.0, 0.0, 0.0,
            0.0, 0.0, 0.0, 0.0, 0.0, 0.0, 0.0, 0.0, 0.0, 0.0, 0.0, 0.0,
            0.0, 0.0, 0.0, 0.0, 0.0, 0.0, 0.0, 0.0, 0.0, 0.0, 0.0, 0.0,
            0.0, 0.0, 0.0, 0.0, 0.0, 0.0, 0.0, 0.0, 0.0, 0.0, 0.0, 0.0,
            0.0, 0.0, 0.0, 0.0, 0.0, 0.0, 0.0, 0.0, 0.0, 0.0, 0.0, 0.0,
            0.0, 0.0, 0.0, 0.0, 0.0, 0.0, 0.0, 0.0, 0.0, 0.0, 0.0, 0.0,
            0.0, 0.0, 0.0, 0.0, 0.0, 0.0, 0.0, 0.0, 0.0, 0.0, 0.0, 0.0,
            0.0, 0.0, 0.0, 0.0, 0.0, 0.0, 0.0, 0.0, 0.0, 0.0, 0.0, 0.0,
            0.0, 0.0, 0.0, 0.0, 0.0, 0.0, 0.0, 0.0, 0.0, 0.0, 0.0, 0.0,
            0.0, 0.0, 0.0, 0.0, 0.0, 0.0, 0.0, 0.0, 0.0, 0.0, 0.0, 0.0,
            0.0, 0.0, 0.0, 0.0, 0.0, 0.0, 0.0, 0.0, 0.0, 0.0, 0.0, 0.0,
            0.0, 0.0, 0.0, 0.0, 0.0, 0.0, 0.0, 0.0, 0.0, 0.0, 0.0, 0.0,
            0.0, 0.0, 0.0, 0.0, 0.0, 0.0, 0.0, 0.0, 0.0, 0.0, 0.0, 0.0,
            0.0, 0.0, 0.0, 0.0, 0.0, 0.0, 0.0, 0.0, 0.0, 0.0, 0.0, 0.0,
            0.0, 0.0, 0.0, 0.0, 0.0, 0.0, 0.0, 0.0, 0.0, 0.0, 0.0, 0.0,
            0.0, 0.0, 0.0, 0.0, 0.0, 0.0, 0.0, 0.0, 0.0, 0.0, 0.0, 0.0,
            0.0, 0.0, 0.0, 0.0, 0.0, 0.0, 0.0, 0.0, 0.0, 0.0, 0.0, 0.0,
            0.0, 0.0, 0.0, 0.0, 0.0, 0.0, 0.0, 0.0, 0.0, 0.0, 0.0, 0.0,
            0.0, 0.0, 0.0, 0.0, 0.0, 0.0, 0.0, 0.0, 0.0, 0.0, 0.0, 0.0,
            0.0, 0.0, 0.0, 0.0, 0.0, 0.0, 0.0, 0.0, 0.0, 0.0, 0.0, 0.0,
            0.0, 0.0, 0.0, 0.0, 0.0, 0.0, 0.0, 0.0, 0.0, 0.0, 0.0, 0.0,
            0.0, 0.0, 0.0, 0.0, 0.0, 0.0, 0.0, 0.0, 0.0, 0.0, 0.0, 0.0,
            0.0, 0.0, 0.0, 0.0, 0.0, 0.0, 0.0, 0.0, 0.0, 0.0, 0.0, 0.0,
            0.0, 0.0, 0.0, 0.0, 0.0, 0.0, 0.0
/
